@ NAME             %7s "HSTABLE"
@ TYPE             %04s "USER"
@ TITLE            %20s "FNAL Booster lattice"
@ ORIGIN           %24s "MAD-X 5.01.00 Windows 32"
@ DATE             %08s "24/03/13"
@ TIME             %08s "22.38.54"
*          TIME       I_HS01    I_HS10    I_HS11    I_HS12    I_HS13    I_HS14    I_HS15    I_HS16    I_HS17    I_HS18    I_HS19    I_HS02    I_HS20    I_HS21    I_HS22    I_HS23    I_HS24    I_HS03    I_HS04    I_HS05    I_HS06    I_HS07    I_HS08    I_HS09    
$          %le        %le        %le        %le        %le        %le        %le        %le        %le        %le        %le        %le        %le        %le        %le        %le        %le        %le        %le        %le        %le        %le        %le        %le        %le        
           0.000000  0.000000e+00   0.000000e+00   0.000000e+00   0.000000e+00   0.000000e+00   0.000000e+00   0.000000e+00   0.000000e+00   0.000000e+00   0.000000e+00   0.000000e+00   0.000000e+00   0.000000e+00   0.000000e+00   0.000000e+00   0.000000e+00   0.000000e+00   0.000000e+00   0.000000e+00   0.000000e+00   0.000000e+00   0.000000e+00   0.000000e+00   0.000000e+00   
           2.000000  0.000000e+00   0.000000e+00   0.000000e+00   0.000000e+00   0.000000e+00   0.000000e+00   0.000000e+00   0.000000e+00   0.000000e+00   0.000000e+00   0.000000e+00   0.000000e+00   0.000000e+00   0.000000e+00   0.000000e+00   0.000000e+00   0.000000e+00   0.000000e+00   0.000000e+00   0.000000e+00   0.000000e+00   0.000000e+00   0.000000e+00   0.000000e+00   
           3.100000  3.254633e+00   1.707000e+00   8.903667e-01   4.658667e-01   5.310167e-01   1.526800e+00   2.574300e+00   7.041000e+00   2.945600e+00   4.271733e+00   5.470700e+00   1.805200e+00   5.531500e+00   3.903433e+00   7.375913e+00   8.339230e+00   3.128500e+00   7.498167e+00   1.125640e+01   9.061233e+00   4.665933e+00   9.094533e+00   6.212067e+00   -2.875033e-01   
           4.180000  3.130733e-01   -2.353800e+00   -5.034873e+00   -6.965973e+00   -2.962603e+00   -3.324560e+00   -2.526000e-02   3.898200e+00   -1.616320e+00   -6.559467e-01   5.102600e-01   -1.853840e+00   2.178100e+00   1.281133e-01   4.502177e+00   5.231314e+00   9.955000e-01   3.849567e+00   9.381520e+00   7.184553e+00   1.943613e+00   5.633493e+00   1.979187e+00   -4.236019e+00   
           5.220000  -2.519540e+00   -6.264200e+00   -1.074066e+01   -1.412256e+01   -6.326830e+00   -7.996240e+00   -2.528540e+00   8.718000e-01   -6.009280e+00   -5.401120e+00   -4.266460e+00   -5.377360e+00   -1.051100e+00   -3.507380e+00   1.734876e+00   2.238506e+00   -1.058500e+00   3.361000e-01   7.576080e+00   5.377380e+00   -6.778800e-01   2.300640e+00   -2.096920e+00   -8.038294e+00   
           6.220000  -4.463710e+00   -8.964295e+00   -1.426760e+01   -1.849808e+01   -7.987490e+00   -1.092088e+01   -4.187370e+00   -9.362750e-01   -9.098190e+00   -8.603820e+00   -7.459067e+00   -8.118780e+00   -3.221980e+00   -5.977315e+00   1.453030e-01   5.277355e-01   -2.232755e+00   -2.019820e+00   6.533190e+00   4.389840e+00   -2.352665e+00   2.097600e-01   -4.915108e+00   -1.071840e+01   
           7.180000  -3.676990e+00   -7.948855e+00   -1.098440e+01   -1.416968e+01   -4.223810e+00   -8.393798e+00   -3.233346e+00   1.078525e+00   -8.200110e+00   -7.049580e+00   -5.757539e+00   -8.549820e+00   -2.126620e+00   -4.857235e+00   2.265607e+00   2.857199e+00   -6.345950e-01   -8.015800e-01   7.891110e+00   5.994960e+00   -1.081385e+00   1.993440e+00   -3.872668e+00   -9.969600e+00   
           8.110000  -2.914855e+00   -6.965148e+00   -7.803800e+00   -9.976538e+00   -5.777450e-01   -5.945689e+00   -2.309135e+00   3.030362e+00   -7.330095e+00   -5.543910e+00   -4.109183e+00   -8.967390e+00   -1.065490e+00   -3.772158e+00   4.319651e+00   5.113868e+00   9.136225e-01   3.785900e-01   9.206595e+00   7.549920e+00   1.501675e-01   3.721380e+00   -2.862804e+00   -9.244200e+00   
           9.010000  -2.177305e+00   -6.013173e+00   -4.725800e+00   -5.918663e+00   2.950705e+00   -3.576551e+00   -1.414737e+00   4.919237e+00   -6.488145e+00   -4.086810e+00   -2.514001e+00   -9.371490e+00   -3.859000e-02   -2.722083e+00   6.307436e+00   7.297740e+00   2.411897e+00   1.520690e+00   1.047964e+01   9.054720e+00   1.341992e+00   5.393580e+00   -1.885516e+00   -8.542200e+00   
           9.890000  -1.456145e+00   -5.082353e+00   -1.716200e+00   -1.950963e+00   6.400745e+00   -1.260061e+00   -5.402153e-01   6.766137e+00   -5.664905e+00   -2.662090e+00   -9.542668e-01   -9.766610e+00   9.654900e-01   -1.695343e+00   8.251048e+00   9.433082e+00   3.876877e+00   2.637410e+00   1.172440e+01   1.052608e+01   2.507332e+00   7.028620e+00   -9.299463e-01   -7.855800e+00   
           10.750000  -1.739500e+00   -4.760800e+00   -1.485575e+00   -2.020950e+00   6.862975e+00   -1.868962e+00   -6.252325e-01   7.484725e+00   -5.830650e+00   -2.204925e+00   -8.142525e-01   -8.974125e+00   1.312025e+00   -1.402510e+00   8.726950e+00   1.033600e+01   4.176925e+00   2.961425e+00   1.272750e+01   1.073400e+01   2.637325e+00   8.466525e+00   -8.133425e-01   -8.130750e+00   
           11.600000  -2.162800e+00   -4.528240e+00   -1.650560e+00   -2.662360e+00   6.898080e+00   -2.887220e+00   -8.454760e-01   8.037480e+00   -6.135120e+00   -1.888640e+00   -8.765320e-01   -8.020000e+00   1.562520e+00   -1.216088e+00   8.990960e+00   1.105680e+01   4.309440e+00   3.170440e+00   1.368800e+01   1.076120e+01   2.619560e+00   9.864520e+00   -8.165640e-01   -8.539600e+00   
           12.440000  -2.581120e+00   -4.298416e+00   -1.813604e+00   -3.296224e+00   6.932772e+00   -3.893498e+00   -1.063128e+00   8.583732e+00   -6.436008e+00   -1.576076e+00   -9.380788e-01   -7.077100e+00   1.810068e+00   -1.031859e+00   9.251864e+00   1.176912e+01   4.440396e+00   3.376996e+00   1.463720e+01   1.078808e+01   2.602004e+00   1.124607e+01   -8.197476e-01   -8.943640e+00   
           13.260000  -2.989480e+00   -4.074064e+00   -1.972766e+00   -3.914996e+00   6.966638e+00   -4.875817e+00   -1.275599e+00   9.116978e+00   -6.729732e+00   -1.270954e+00   -9.981602e-01   -6.156650e+00   2.051722e+00   -8.520168e-01   9.506556e+00   1.246448e+01   4.568234e+00   3.578634e+00   1.556380e+01   1.081432e+01   2.584866e+00   1.259472e+01   -8.228554e-01   -9.338060e+00   
           14.080000  -3.397840e+00   -3.849712e+00   -2.131928e+00   -4.533768e+00   7.000504e+00   -5.858136e+00   -1.488069e+00   9.650224e+00   -7.023456e+00   -9.658320e-01   -1.058242e+00   -5.236200e+00   2.293376e+00   -6.721744e-01   9.761248e+00   1.315984e+01   4.696072e+00   3.780272e+00   1.649040e+01   1.084056e+01   2.567728e+00   1.394338e+01   -8.259632e-01   -9.732480e+00   
           14.890000  -3.801220e+00   -3.628096e+00   -2.289149e+00   -5.144994e+00   7.033957e+00   -6.828475e+00   -1.697948e+00   1.017697e+01   -7.313598e+00   -6.644310e-01   -1.117590e+00   -4.326975e+00   2.532083e+00   -4.945252e-01   1.001283e+01   1.384672e+01   4.822351e+00   3.979451e+00   1.740570e+01   1.086648e+01   2.550799e+00   1.527558e+01   -8.290331e-01   -1.012209e+01   
           15.700000  -4.204600e+00   -3.406480e+00   -2.446370e+00   -5.756220e+00   7.067410e+00   -7.798815e+00   -1.907827e+00   1.070371e+01   -7.603740e+00   -3.630300e-01   -1.176939e+00   -3.417750e+00   2.770790e+00   -3.168760e-01   1.026442e+01   1.453360e+01   4.948630e+00   4.178630e+00   1.832100e+01   1.089240e+01   2.533870e+00   1.660779e+01   -8.321030e-01   -1.051170e+01   
           16.510000  -4.607980e+00   -3.184864e+00   -2.603591e+00   -6.367446e+00   7.100863e+00   -8.769154e+00   -2.117706e+00   1.123045e+01   -7.893882e+00   -6.162900e-02   -1.236288e+00   -2.508525e+00   3.009497e+00   -1.392268e-01   1.051601e+01   1.522048e+01   5.074909e+00   4.377809e+00   1.923630e+01   1.091832e+01   2.516941e+00   1.794000e+01   -8.351729e-01   -1.090131e+01   
           17.310000  -5.006380e+00   -2.965984e+00   -2.758871e+00   -6.971126e+00   7.133903e+00   -9.727514e+00   -2.324994e+00   1.175069e+01   -8.180442e+00   2.360510e-01   -1.294904e+00   -1.610525e+00   3.245257e+00   3.622920e-02   1.076449e+01   1.589888e+01   5.199629e+00   4.574529e+00   2.014030e+01   1.094392e+01   2.500221e+00   1.925576e+01   -8.382049e-01   -1.128611e+01   
           19.710000  -6.201580e+00   -2.309344e+00   -3.224711e+00   -8.782166e+00   7.233023e+00   -1.260259e+01   -2.946858e+00   1.331141e+01   -9.040122e+00   1.129091e+00   -1.470752e+00   1.083475e+00   3.952537e+00   5.625972e-01   1.150993e+01   1.793408e+01   5.573789e+00   5.164689e+00   2.285230e+01   1.102072e+01   2.450061e+00   2.320304e+01   -8.473009e-01   -1.244051e+01   
           20.510000  -6.354797e+00   -2.304672e+00   -4.126282e+00   -9.126332e+00   6.878523e+00   -1.268561e+01   -3.222047e+00   1.366022e+01   -9.017308e+00   9.890550e-01   -1.783210e+00   1.477042e+00   3.771483e+00   5.591223e-01   1.181165e+01   1.843457e+01   5.561498e+00   5.251300e+00   2.289865e+01   1.134365e+01   2.592367e+00   2.376925e+01   -6.679705e-01   -1.271005e+01   
           21.310000  -6.368597e+00   -2.421806e+00   -5.452216e+00   -9.322932e+00   6.303656e+00   -1.227087e+01   -3.535847e+00   1.391156e+01   -8.818574e+00   6.001217e-01   -2.240010e+00   1.583776e+00   3.353416e+00   4.539023e-01   1.214365e+01   1.883391e+01   5.471298e+00   5.275300e+00   2.245732e+01   1.183565e+01   2.825101e+00   2.390925e+01   -3.849438e-01   -1.291405e+01   
           22.110000  -6.382397e+00   -2.538939e+00   -6.778149e+00   -9.519532e+00   5.728789e+00   -1.185614e+01   -3.849647e+00   1.416289e+01   -8.619841e+00   2.111883e-01   -2.696810e+00   1.690509e+00   2.935349e+00   3.486823e-01   1.247565e+01   1.923324e+01   5.381098e+00   5.299300e+00   2.201598e+01   1.232765e+01   3.057834e+00   2.404925e+01   -1.019172e-01   -1.311805e+01   
           22.910000  -6.396197e+00   -2.656072e+00   -8.104082e+00   -9.716132e+00   5.153923e+00   -1.144141e+01   -4.163447e+00   1.441422e+01   -8.421108e+00   -1.777450e-01   -3.153610e+00   1.797242e+00   2.517283e+00   2.434623e-01   1.280765e+01   1.963257e+01   5.290898e+00   5.323300e+00   2.157465e+01   1.281965e+01   3.290567e+00   2.418925e+01   1.811095e-01   -1.332205e+01   
           23.700000  -6.409825e+00   -2.771742e+00   -9.413442e+00   -9.910275e+00   4.586242e+00   -1.103186e+01   -4.473325e+00   1.466242e+01   -8.224858e+00   -5.618167e-01   -3.604700e+00   1.902642e+00   2.104442e+00   1.395575e-01   1.313550e+01   2.002692e+01   5.201825e+00   5.347000e+00   2.113883e+01   1.330550e+01   3.520392e+00   2.432750e+01   4.605983e-01   -1.352350e+01   
           24.500000  -6.423625e+00   -2.888875e+00   -1.073937e+01   -1.010687e+01   4.011375e+00   -1.061713e+01   -4.787125e+00   1.491375e+01   -8.026125e+00   -9.507500e-01   -4.061500e+00   2.009375e+00   1.686375e+00   3.433750e-02   1.346750e+01   2.042625e+01   5.111625e+00   5.371000e+00   2.069750e+01   1.379750e+01   3.753125e+00   2.446750e+01   7.436250e-01   -1.372750e+01   
           25.290000  -6.437252e+00   -3.004544e+00   -1.204873e+01   -1.030102e+01   3.443694e+00   -1.020758e+01   -5.097002e+00   1.516194e+01   -7.829876e+00   -1.334822e+00   -4.512590e+00   2.114774e+00   1.273534e+00   -6.956725e-02   1.379535e+01   2.082059e+01   5.022553e+00   5.394700e+00   2.026168e+01   1.428335e+01   3.982949e+00   2.460575e+01   1.023114e+00   -1.392895e+01   
           26.090000  -6.451052e+00   -3.121677e+00   -1.337467e+01   -1.049762e+01   2.868828e+00   -9.792843e+00   -5.410802e+00   1.541327e+01   -7.631143e+00   -1.723755e+00   -4.969390e+00   2.221507e+00   8.554675e-01   -1.747872e-01   1.412735e+01   2.121992e+01   4.932353e+00   5.418700e+00   1.982035e+01   1.477535e+01   4.215682e+00   2.474575e+01   1.306140e+00   -1.413295e+01   
           26.880000  -6.464680e+00   -3.237347e+00   -1.468403e+01   -1.069176e+01   2.301147e+00   -9.383293e+00   -5.720680e+00   1.566147e+01   -7.434893e+00   -2.107827e+00   -5.420480e+00   2.326907e+00   4.426267e-01   -2.786920e-01   1.445520e+01   2.161427e+01   4.843280e+00   5.442400e+00   1.938453e+01   1.526120e+01   4.445507e+00   2.488400e+01   1.585629e+00   -1.433440e+01   
           27.670000  -6.478307e+00   -3.353016e+00   -1.599339e+01   -1.088590e+01   1.733466e+00   -8.973744e+00   -6.030557e+00   1.590966e+01   -7.238644e+00   -2.491898e+00   -5.871570e+00   2.432306e+00   2.978583e-02   -3.825967e-01   1.478305e+01   2.200861e+01   4.754208e+00   5.466100e+00   1.894872e+01   1.574705e+01   4.675331e+00   2.502225e+01   1.865118e+00   -1.453585e+01   
           28.460000  -6.491935e+00   -3.468685e+00   -1.730274e+01   -1.108004e+01   1.165785e+00   -8.564195e+00   -6.340435e+00   1.615785e+01   -7.042395e+00   -2.875970e+00   -6.322660e+00   2.537705e+00   -3.830550e-01   -4.865015e-01   1.511090e+01   2.240295e+01   4.665135e+00   5.489800e+00   1.851290e+01   1.623290e+01   4.905155e+00   2.516050e+01   2.144607e+00   -1.473730e+01   
           29.250000  -6.505562e+00   -3.584354e+00   -1.861210e+01   -1.127419e+01   5.981042e-01   -8.154646e+00   -6.650312e+00   1.640604e+01   -6.846146e+00   -3.260042e+00   -6.773750e+00   2.643104e+00   -7.958958e-01   -5.904062e-01   1.543875e+01   2.279729e+01   4.576063e+00   5.513500e+00   1.807708e+01   1.671875e+01   5.134979e+00   2.529875e+01   2.424096e+00   -1.493875e+01   
