@ NAME             %8s "SXSTABLE"
@ TYPE             %04s "USER"
@ TITLE            %20s "FNAL Booster lattice"
@ ORIGIN           %24s "MAD-X 5.01.00 Windows 32"
@ DATE             %08s "24/03/13"
@ TIME             %08s "22.38.54"
*          TIME       I_SXS01    I_SXS10    I_SXS11    I_SXS12    I_SXS13    I_SXS14    I_SXS15    I_SXS16    I_SXS17    I_SXS18    I_SXS19    I_SXS02    I_SXS20    I_SXS21    I_SXS22    I_SXS23    I_SXS24    I_SXS03    I_SXS04    I_SXS05    I_SXS06    I_SXS07    I_SXS08    I_SXS09    
$          %le        %le        %le        %le        %le        %le        %le        %le        %le        %le        %le        %le        %le        %le        %le        %le        %le        %le        %le        %le        %le        %le        %le        %le        %le        
           0.000000  0.000000e+00   0.000000e+00   0.000000e+00   0.000000e+00   0.000000e+00   0.000000e+00   0.000000e+00   0.000000e+00   0.000000e+00   0.000000e+00   0.000000e+00   0.000000e+00   0.000000e+00   0.000000e+00   0.000000e+00   0.000000e+00   0.000000e+00   0.000000e+00   0.000000e+00   0.000000e+00   0.000000e+00   0.000000e+00   0.000000e+00   0.000000e+00   
           2.000000  6.140898e-01   1.361160e+00   1.560135e+00   1.778641e+00   6.140898e-01   2.611160e+00   3.003006e+00   3.028641e+00   1.335525e+00   2.611160e+00   2.281570e+00   2.611160e+00   1.778641e+00   -1.073457e-01   1.361160e+00   1.560135e+00   1.778641e+00   3.003006e+00   3.028641e+00   1.335525e+00   2.611160e+00   2.281570e+00   1.778641e+00   -1.088791e+00   
           3.100000  -1.397410e+00   -6.503398e-01   -4.513652e-01   -2.328594e-01   -1.397410e+00   5.996602e-01   9.915059e-01   1.017141e+00   -6.759746e-01   5.996602e-01   2.700703e-01   5.996602e-01   -2.328594e-01   -2.118846e+00   -6.503398e-01   -4.513652e-01   -2.328594e-01   9.915059e-01   1.017141e+00   -6.759746e-01   5.996602e-01   2.700703e-01   -2.328594e-01   -3.100291e+00   
           4.180000  -1.397410e+00   -6.503398e-01   -4.513652e-01   -2.328594e-01   -1.397410e+00   5.996602e-01   9.915059e-01   1.017141e+00   -6.759746e-01   5.996602e-01   2.700703e-01   5.996602e-01   -2.328594e-01   -2.118846e+00   -6.503398e-01   -4.513652e-01   -2.328594e-01   9.915059e-01   1.017141e+00   -6.759746e-01   5.996602e-01   2.700703e-01   -2.328594e-01   -3.100291e+00   
           5.220000  -1.920690e+00   -1.173620e+00   -9.746452e-01   -7.561394e-01   -1.920690e+00   7.638016e-02   4.682259e-01   4.938606e-01   -1.199255e+00   7.638016e-02   -2.532097e-01   7.638016e-02   -7.561394e-01   -2.642126e+00   -1.173620e+00   -9.746452e-01   -7.561394e-01   4.682259e-01   4.938606e-01   -1.199255e+00   7.638016e-02   -2.532097e-01   -7.561394e-01   -3.623571e+00   
           6.220000  -2.239343e+00   -1.492273e+00   -1.293299e+00   -1.074793e+00   -2.239343e+00   -2.422732e-01   1.495725e-01   1.752073e-01   -1.517908e+00   -2.422732e-01   -5.718630e-01   -2.422732e-01   -1.074793e+00   -2.960779e+00   -1.492273e+00   -1.293299e+00   -1.074793e+00   1.495725e-01   1.752073e-01   -1.517908e+00   -2.422732e-01   -5.718630e-01   -1.074793e+00   -3.942224e+00   
           7.180000  -2.284310e+00   -1.537240e+00   -1.338265e+00   -1.119759e+00   -2.284310e+00   -2.872398e-01   1.046059e-01   1.302406e-01   -1.562875e+00   -2.872398e-01   -6.168297e-01   -2.872398e-01   -1.119759e+00   -3.005746e+00   -1.537240e+00   -1.338265e+00   -1.119759e+00   1.046059e-01   1.302406e-01   -1.562875e+00   -2.872398e-01   -6.168297e-01   -1.119759e+00   -3.987191e+00   
           8.110000  -2.322710e+00   -1.575640e+00   -1.376665e+00   -1.158159e+00   -2.322710e+00   -3.256398e-01   6.620586e-02   9.184063e-02   -1.601275e+00   -3.256398e-01   -6.552297e-01   -3.256398e-01   -1.158159e+00   -3.044146e+00   -1.575640e+00   -1.376665e+00   -1.158159e+00   6.620586e-02   9.184063e-02   -1.601275e+00   -3.256398e-01   -6.552297e-01   -1.158159e+00   -4.025591e+00   
           9.010000  -2.391510e+00   -1.644440e+00   -1.445465e+00   -1.226959e+00   -2.391510e+00   -3.944398e-01   -2.594141e-03   2.304063e-02   -1.670075e+00   -3.944398e-01   -7.240297e-01   -3.944398e-01   -1.226959e+00   -3.112946e+00   -1.644440e+00   -1.445465e+00   -1.226959e+00   -2.594141e-03   2.304063e-02   -1.670075e+00   -3.944398e-01   -7.240297e-01   -1.226959e+00   -4.094391e+00   
           9.890000  -2.756500e+00   -2.009430e+00   -1.810455e+00   -1.591949e+00   -2.756500e+00   -7.594298e-01   -3.675841e-01   -3.419494e-01   -2.035065e+00   -7.594298e-01   -1.089020e+00   -7.594298e-01   -1.591949e+00   -3.477936e+00   -2.009430e+00   -1.810455e+00   -1.591949e+00   -3.675841e-01   -3.419494e-01   -2.035065e+00   -7.594298e-01   -1.089020e+00   -1.591949e+00   -4.459381e+00   
           10.750000  -3.031910e+00   -2.284840e+00   -2.085865e+00   -1.867359e+00   -3.031910e+00   -1.034840e+00   -6.429941e-01   -6.173594e-01   -2.310475e+00   -1.034840e+00   -1.364430e+00   -1.034840e+00   -1.867359e+00   -3.753346e+00   -2.284840e+00   -2.085865e+00   -1.867359e+00   -6.429941e-01   -6.173594e-01   -2.310475e+00   -1.034840e+00   -1.364430e+00   -1.867359e+00   -4.734791e+00   
           11.600000  -3.761077e+00   -3.014007e+00   -2.815032e+00   -2.596526e+00   -3.761077e+00   -1.764007e+00   -1.372161e+00   -1.346526e+00   -3.039641e+00   -1.764007e+00   -2.093596e+00   -1.764007e+00   -2.596526e+00   -4.482512e+00   -3.014007e+00   -2.815032e+00   -2.596526e+00   -1.372161e+00   -1.346526e+00   -3.039641e+00   -1.764007e+00   -2.093596e+00   -2.596526e+00   -5.463958e+00   
           12.440000  -4.642490e+00   -3.895420e+00   -3.696445e+00   -3.477939e+00   -4.642490e+00   -2.645420e+00   -2.253574e+00   -2.227939e+00   -3.921055e+00   -2.645420e+00   -2.975010e+00   -2.645420e+00   -3.477939e+00   -5.363926e+00   -3.895420e+00   -3.696445e+00   -3.477939e+00   -2.253574e+00   -2.227939e+00   -3.921055e+00   -2.645420e+00   -2.975010e+00   -3.477939e+00   -6.345371e+00   
           13.260000  -5.596877e+00   -4.849807e+00   -4.650832e+00   -4.432326e+00   -5.596877e+00   -3.599807e+00   -3.207961e+00   -3.182326e+00   -4.875441e+00   -3.599807e+00   -3.929396e+00   -3.599807e+00   -4.432326e+00   -6.318312e+00   -4.849807e+00   -4.650832e+00   -4.432326e+00   -3.207961e+00   -3.182326e+00   -4.875441e+00   -3.599807e+00   -3.929396e+00   -4.432326e+00   -7.299758e+00   
           14.080000  -5.999588e+00   -5.252518e+00   -5.053543e+00   -4.835037e+00   -5.999588e+00   -4.002518e+00   -3.610672e+00   -3.585037e+00   -5.278152e+00   -4.002518e+00   -4.332107e+00   -4.002518e+00   -4.835037e+00   -6.721023e+00   -5.252518e+00   -5.053543e+00   -4.835037e+00   -3.610672e+00   -3.585037e+00   -5.278152e+00   -4.002518e+00   -4.332107e+00   -4.835037e+00   -7.702469e+00   
           14.890000  -6.638777e+00   -5.891707e+00   -5.692732e+00   -5.474226e+00   -6.638777e+00   -4.641707e+00   -4.249861e+00   -4.224226e+00   -5.917341e+00   -4.641707e+00   -4.971296e+00   -4.641707e+00   -5.474226e+00   -7.360212e+00   -5.891707e+00   -5.692732e+00   -5.474226e+00   -4.249861e+00   -4.224226e+00   -5.917341e+00   -4.641707e+00   -4.971296e+00   -5.474226e+00   -8.341658e+00   
           15.700000  -7.961910e+00   -7.214840e+00   -7.015865e+00   -6.797359e+00   -7.961910e+00   -5.964840e+00   -5.572994e+00   -5.547359e+00   -7.240475e+00   -5.964840e+00   -6.294430e+00   -5.964840e+00   -6.797359e+00   -8.683346e+00   -7.214840e+00   -7.015865e+00   -6.797359e+00   -5.572994e+00   -5.547359e+00   -7.240475e+00   -5.964840e+00   -6.294430e+00   -6.797359e+00   -9.664791e+00   
           16.510000  -8.383316e+00   -7.636246e+00   -7.437271e+00   -7.218765e+00   -8.383316e+00   -6.386246e+00   -5.994400e+00   -5.968765e+00   -7.661880e+00   -6.386246e+00   -6.715835e+00   -6.386246e+00   -7.218765e+00   -9.104751e+00   -7.636246e+00   -7.437271e+00   -7.218765e+00   -5.994400e+00   -5.968765e+00   -7.661880e+00   -6.386246e+00   -6.715835e+00   -7.218765e+00   -1.008620e+01   
           17.310000  -8.213756e+00   -7.466686e+00   -7.267711e+00   -7.049205e+00   -8.213756e+00   -6.216686e+00   -5.824840e+00   -5.799205e+00   -7.492321e+00   -6.216686e+00   -6.546276e+00   -6.216686e+00   -7.049205e+00   -8.935192e+00   -7.466686e+00   -7.267711e+00   -7.049205e+00   -5.824840e+00   -5.799205e+00   -7.492321e+00   -6.216686e+00   -6.546276e+00   -7.049205e+00   -9.916637e+00   
           19.710000  2.005678e+01   2.080385e+01   2.100283e+01   2.122133e+01   2.005678e+01   2.205385e+01   2.244570e+01   2.247133e+01   2.077822e+01   2.205385e+01   2.172426e+01   2.205385e+01   2.122133e+01   1.933535e+01   2.080385e+01   2.100283e+01   2.122133e+01   2.244570e+01   2.247133e+01   2.077822e+01   2.205385e+01   2.172426e+01   2.122133e+01   1.835390e+01   
           20.510000  2.351343e+01   2.426050e+01   2.445948e+01   2.467798e+01   2.351343e+01   2.551050e+01   2.590235e+01   2.592798e+01   2.423487e+01   2.551050e+01   2.518091e+01   2.551050e+01   2.467798e+01   2.279200e+01   2.426050e+01   2.445948e+01   2.467798e+01   2.590235e+01   2.592798e+01   2.423487e+01   2.551050e+01   2.518091e+01   2.467798e+01   2.181055e+01   
           21.310000  2.677109e+01   2.751816e+01   2.771713e+01   2.793564e+01   2.677109e+01   2.876816e+01   2.916001e+01   2.918564e+01   2.749253e+01   2.876816e+01   2.843857e+01   2.876816e+01   2.793564e+01   2.604965e+01   2.751816e+01   2.771713e+01   2.793564e+01   2.916001e+01   2.918564e+01   2.749253e+01   2.876816e+01   2.843857e+01   2.793564e+01   2.506821e+01   
           22.110000  2.808809e+01   2.883516e+01   2.903413e+01   2.925264e+01   2.808809e+01   3.008516e+01   3.047701e+01   3.050264e+01   2.880953e+01   3.008516e+01   2.975557e+01   3.008516e+01   2.925264e+01   2.736665e+01   2.883516e+01   2.903413e+01   2.925264e+01   3.047701e+01   3.050264e+01   2.880953e+01   3.008516e+01   2.975557e+01   2.925264e+01   2.638521e+01   
           22.910000  2.843179e+01   2.917886e+01   2.937783e+01   2.959634e+01   2.843179e+01   3.042886e+01   3.082071e+01   3.084634e+01   2.915323e+01   3.042886e+01   3.009927e+01   3.042886e+01   2.959634e+01   2.771035e+01   2.917886e+01   2.937783e+01   2.959634e+01   3.082071e+01   3.084634e+01   2.915323e+01   3.042886e+01   3.009927e+01   2.959634e+01   2.672891e+01   
           23.700000  2.841599e+01   2.916306e+01   2.936203e+01   2.958054e+01   2.841599e+01   3.041306e+01   3.080491e+01   3.083054e+01   2.913743e+01   3.041306e+01   3.008347e+01   3.041306e+01   2.958054e+01   2.769455e+01   2.916306e+01   2.936203e+01   2.958054e+01   3.080491e+01   3.083054e+01   2.913743e+01   3.041306e+01   3.008347e+01   2.958054e+01   2.671311e+01   
           24.500000  2.838269e+01   2.912976e+01   2.932873e+01   2.954724e+01   2.838269e+01   3.037976e+01   3.077160e+01   3.079724e+01   2.910412e+01   3.037976e+01   3.005017e+01   3.037976e+01   2.954724e+01   2.766125e+01   2.912976e+01   2.932873e+01   2.954724e+01   3.077160e+01   3.079724e+01   2.910412e+01   3.037976e+01   3.005017e+01   2.954724e+01   2.667980e+01   
           25.290000  2.830745e+01   2.905452e+01   2.925349e+01   2.947200e+01   2.830745e+01   3.030452e+01   3.069636e+01   3.072200e+01   2.902888e+01   3.030452e+01   2.997493e+01   3.030452e+01   2.947200e+01   2.758601e+01   2.905452e+01   2.925349e+01   2.947200e+01   3.069636e+01   3.072200e+01   2.902888e+01   3.030452e+01   2.997493e+01   2.947200e+01   2.660457e+01   
           26.090000  2.822559e+01   2.897266e+01   2.917163e+01   2.939014e+01   2.822559e+01   3.022266e+01   3.061451e+01   3.064014e+01   2.894703e+01   3.022266e+01   2.989307e+01   3.022266e+01   2.939014e+01   2.750415e+01   2.897266e+01   2.917163e+01   2.939014e+01   3.061451e+01   3.064014e+01   2.894703e+01   3.022266e+01   2.989307e+01   2.939014e+01   2.652271e+01   
           26.880000  2.811838e+01   2.886545e+01   2.906442e+01   2.928293e+01   2.811838e+01   3.011545e+01   3.050729e+01   3.053293e+01   2.883981e+01   3.011545e+01   2.978586e+01   3.011545e+01   2.928293e+01   2.739694e+01   2.886545e+01   2.906442e+01   2.928293e+01   3.050729e+01   3.053293e+01   2.883981e+01   3.011545e+01   2.978586e+01   2.928293e+01   2.641549e+01   
           27.670000  2.801116e+01   2.875823e+01   2.895721e+01   2.917571e+01   2.801116e+01   3.000823e+01   3.040008e+01   3.042571e+01   2.873260e+01   3.000823e+01   2.967864e+01   3.000823e+01   2.917571e+01   2.728973e+01   2.875823e+01   2.895721e+01   2.917571e+01   3.040008e+01   3.042571e+01   2.873260e+01   3.000823e+01   2.967864e+01   2.917571e+01   2.630828e+01   
           28.460000  2.790395e+01   2.865102e+01   2.884999e+01   2.906850e+01   2.790395e+01   2.990102e+01   3.029286e+01   3.031850e+01   2.862538e+01   2.990102e+01   2.957143e+01   2.990102e+01   2.906850e+01   2.718251e+01   2.865102e+01   2.884999e+01   2.906850e+01   3.029286e+01   3.031850e+01   2.862538e+01   2.990102e+01   2.957143e+01   2.906850e+01   2.620107e+01   
           29.250000  2.786459e+01   2.861166e+01   2.881063e+01   2.902914e+01   2.786459e+01   2.986166e+01   3.025351e+01   3.027914e+01   2.858603e+01   2.986166e+01   2.953207e+01   2.986166e+01   2.902914e+01   2.714315e+01   2.861166e+01   2.881063e+01   2.902914e+01   3.025351e+01   3.027914e+01   2.858603e+01   2.986166e+01   2.953207e+01   2.902914e+01   2.616171e+01   
